-0.681826 0.572593 -0.653562 0.000000 0.668897 -0.610188 0.659104 0.601987 -0.658104 -0.604049 
-0.620746 0.702096 -0.606028 0.637256 0.625897 -0.611581 0.619891 0.628387 0.722355 0.630195 
-0.624740 -0.609665 0.664316 -0.608832 0.641943 0.687637 -0.639418 0.583931 0.616126 -0.657080 
0.632839 0.667256 0.541124 0.682016 0.664814 -0.605162 -0.579494 0.666967 0.636974 0.669268 
0.639546 0.684069 -0.685741 0.632974 -0.436957 0.587520 -0.599449 0.646470 -0.695482 0.563707 
0.618647 -0.567539 0.671245 0.644334 0.652673 -0.554095 0.599938 0.596694 -0.655094 0.627938 
0.614362 -0.579963 0.604619 0.658399 -0.643238 0.594809 0.594809 0.630925 0.571648 0.682008 
0.643719 -0.582544 -0.599452 0.589411 0.625342 0.619082 0.672013 0.592512 -0.606408 0.606977 
0.584131 -0.599938 0.722363 0.591163 -0.656217 0.597197 0.651933 0.607902 -0.635561 -0.663458 
-0.585702 0.055758 0.671322 0.633334 0.635429 -0.581042 -0.580156 -0.726034 -0.614362 0.678874 
